21
133
6
24
16
30
24
10
49
18
18
28
21
36
18
12
12
61
18
48
6
21
12
20
39
6
6
12
21
68
24
12
36
16
12
43
12
12
16
18
38
6
5
15
24
33
18
5
12
18
30
42
6
12
11
18
33
12
6
12
12
33
24
12
12
18
30
38
0
18
10
15
32
22
6
11
21
39
24
12
10
12
36
36
18
6
18
25
30
12
6
12
22
25
12
6
6
12
26
22
24
10
10
12
24
22
12
12
6
36
24
24
6
6
24
30
24
12
6
6
32
12
0
20
12
24
43
30
18
12
6
67
18
6
10
12
36
16
49
12
11
30
26
37
34
12
5
42
25
33
0
12
24
30
6
30
6
12
52
6
31
0
5
18
20
12
30
5
16
42
6
31
5
6
18
6
6
18
6
6
42
6
24
12
18
55
12
6
24
43
18
55
18
18
22
37
42
18
10
21
10
21
18
11
16
24
24
48
18
16
18
5
27
0
18
12
30
31
36
18
22
18
5
38
24
6
12
18
49
6
12
24
18
12
49
6
6
6
24
21
11
12
12
18
61
18
31
56
18
30
48
12
12
30
30
67
42
27
42
18
18
54
6
10
11
12
54
18
18
11
22
18
24
11
12
6
12
44
32
15
5
5
33
24
0
6
10
11
38
27
6
12
12
48
31
6
24
